.weui-input {
  height: 2.58823529em;
  min-height: 2.58823529em;
  line-height: 2.58823529em;
}